夫妻 0 3 11 13
父母 3 5 14 16
unknown 0 1 21 22
情侣 0 2 8 10
合作 5 7 8 9
祖孙 0 2 6 8
亲戚 10 12 17 19
合作 3 5 6 8
父母 11 13 22 23
同人 0 2 16 17
父母 0 2 4 5
好友 0 1 18 20
unknown 16 18 22 23
上下级 6 8 14 16
unknown 7 8 12 14
合作 6 8 12 13
上下级 9 10 13 14
父母 5 6 10 11
同学 22 24 5 6
夫妻 4 5 9 10
师生 11 13 22 24
父母 12 14 27 28
情侣 21 22 11 13
unknown 20 21 0 2
父母 0 1 26 27
unknown 25 27 17 19
unknown 3 5 7 9
夫妻 0 2 6 8
夫妻 0 2 7 9
兄弟姐妹 3 5 15 17
父母 0 2 12 14
好友 9 10 24 26
合作 12 13 15 16
祖孙 0 1 4 6
同人 0 2 17 19
好友 12 13 0 1
合作 0 2 4 6
好友 6 7 21 23
师生 0 2 26 28
夫妻 1 3 8 10
师生 9 11 3 5
同人 5 7 23 25
unknown 9 10 24 25
同学 8 9 15 17
同人 0 1 15 17
上下级 7 9 14 16
好友 0 1 3 4
unknown 6 8 11 13
好友 0 2 16 18
好友 5 7 9 11
兄弟姐妹 3 4 6 7
同人 0 2 17 19
好友 0 2 24 26
同学 0 2 10 12
夫妻 0 2 16 17
unknown 0 1 24 25
亲戚 8 10 2 3
夫妻 0 2 4 6
兄弟姐妹 5 7 17 18
夫妻 0 1 17 19
夫妻 0 1 8 11
同学 8 10 12 13
同人 0 1 25 27
情侣 14 16 18 20
兄弟姐妹 3 5 23 25
情侣 1 3 17 18
夫妻 0 2 6 8
兄弟姐妹 9 11 15 17
上下级 0 1 6 8
师生 5 7 10 12
父母 9 10 13 14
父母 11 12 16 17
情侣 10 12 14 16
父母 22 24 27 29
父母 0 2 20 22
unknown 17 19 3 5
师生 0 1 14 15
unknown 8 10 27 28
兄弟姐妹 0 2 12 14
夫妻 27 29 23 25
父母 0 2 22 24
合作 16 17 24 26
夫妻 4 6 8 10
师生 3 5 13 15
unknown 9 10 14 16
师生 15 17 24 26
unknown 17 19 21 23
师生 5 6 14 15
unknown 0 1 10 11
父母 0 2 8 11
师生 8 10 4 6
unknown 0 1 18 20
夫妻 7 8 10 13
父母 11 12 21 23
unknown 5 7 1 3
兄弟姐妹 8 9 11 12
夫妻 0 1 10 13
兄弟姐妹 9 11 23 24
父母 15 16 24 25
unknown 9 11 14 16
同门 6 8 10 12
兄弟姐妹 0 2 28 29
同学 21 23 25 27
同学 0 1 3 4
夫妻 8 10 17 20
亲戚 0 2 4 6
父母 0 2 6 8
情侣 0 2 18 19
父母 0 2 23 25
上下级 18 20 0 2
父母 0 3 19 22
情侣 8 10 14 16
情侣 18 20 26 28
同学 0 1 3 5
unknown 27 29 14 16
同人 0 2 6 12
unknown 4 5 7 8
兄弟姐妹 0 2 4 6
合作 7 8 3 5
祖孙 0 2 6 8
同学 0 2 4 7
unknown 0 2 14 16
祖孙 12 13 0 2
夫妻 0 2 4 5
父母 0 2 6 8
unknown 3 4 12 14
夫妻 21 22 17 19
情侣 14 15 25 27
兄弟姐妹 9 11 17 18
师生 8 10 12 14
同学 0 1 3 4
亲戚 0 2 14 16
夫妻 17 19 21 23
同人 0 2 17 19
夫妻 11 13 16 18
父母 8 10 14 16
unknown 0 1 27 28
情侣 3 5 16 17
父母 0 2 15 16
兄弟姐妹 10 11 17 18
师生 0 2 6 8
父母 12 14 0 2
祖孙 0 3 7 10
unknown 6 10 17 19
上下级 0 3 5 6
好友 12 13 18 19
兄弟姐妹 0 2 6 8
好友 2 4 6 7
好友 6 7 24 26
情侣 6 7 9 11
父母 3 5 7 9
父母 0 2 27 29
好友 0 1 5 7
同门 0 2 4 5
合作 10 12 19 20
师生 0 2 23 25
夫妻 18 20 22 24
师生 0 2 14 15
unknown 15 17 20 22
父母 10 13 17 20
情侣 9 10 12 13
同人 0 4 10 13
合作 2 4 6 8
亲戚 23 25 2 4
unknown 3 5 7 9
兄弟姐妹 9 11 4 5
夫妻 0 2 4 6
兄弟姐妹 12 18 20 26
父母 0 2 6 8
好友 15 19 25 28
上下级 7 10 12 15
亲戚 15 17 21 23
兄弟姐妹 0 2 11 13
兄弟姐妹 7 9 15 17
合作 3 4 6 8
父母 7 9 20 22
同人 2 3 6 8
亲戚 8 10 14 15
兄弟姐妹 9 10 15 16
夫妻 6 8 10 15
合作 7 9 11 12
unknown 4 6 17 19
兄弟姐妹 1 2 6 8
父母 0 2 10 12
师生 0 2 25 27
兄弟姐妹 23 24 28 29
同门 6 7 8 9
师生 0 1 5 7
亲戚 0 2 13 15
父母 3 5 14 16
夫妻 13 15 17 19
情侣 10 12 16 17
unknown 0 2 19 21
夫妻 21 23 25 27
好友 12 13 19 20
同门 10 12 14 16
上下级 5 6 19 21
亲戚 0 1 21 22
父母 3 5 8 10
上下级 3 5 21 23
父母 19 21 4 5
同学 0 2 25 27
师生 0 2 23 24
合作 9 16 18 27
unknown 0 1 8 9
unknown 13 15 17 19
父母 21 23 26 27
上下级 10 11 5 7
父母 10 12 22 24
合作 4 5 0 2
父母 0 2 12 14
unknown 0 2 27 29
亲戚 4 6 16 18
父母 0 1 9 11
unknown 0 1 6 7
上下级 10 16 19 21
情侣 8 9 12 14
兄弟姐妹 0 2 23 24
父母 15 16 18 20
合作 6 8 15 16
同学 21 23 25 27
unknown 7 9 11 13
合作 6 8 17 18
unknown 0 1 12 14
情侣 0 2 3 4
夫妻 7 9 23 25
父母 0 2 15 17
父母 11 12 0 2
亲戚 8 10 2 3
父母 9 11 21 23
同学 14 16 18 19
合作 0 2 4 6
同人 0 2 7 9
unknown 0 2 18 20
好友 16 17 11 12
unknown 17 18 7 9
同门 1 2 9 11
师生 0 2 13 15
父母 0 2 5 7
亲戚 5 7 9 11
合作 4 6 10 12
同人 0 2 5 7
上下级 5 6 17 19
好友 3 4 24 26
师生 8 10 21 23
unknown 0 2 16 18
兄弟姐妹 0 2 6 8
unknown 7 8 0 1
兄弟姐妹 0 2 18 20
unknown 4 6 20 23
unknown 3 4 13 14
unknown 6 8 28 29
夫妻 3 5 20 22
亲戚 0 1 12 14
兄弟姐妹 12 14 20 22
师生 0 1 19 21
父母 0 2 6 8
同学 0 2 7 9
夫妻 3 5 10 12
好友 14 16 21 23
同门 0 1 3 5
unknown 5 7 9 11
夫妻 2 3 6 8
unknown 13 15 7 9
夫妻 6 7 11 13
合作 10 12 14 16
unknown 5 6 19 21
unknown 7 9 16 18
unknown 8 10 14 16
同门 6 7 24 25
夫妻 6 8 11 13
兄弟姐妹 2 4 10 12
同学 2 4 18 20
unknown 0 1 8 9
情侣 8 9 18 20
亲戚 7 8 0 1
unknown 0 1 9 11
unknown 6 8 20 22
师生 5 6 14 16
同人 0 1 15 17
好友 20 22 24 26
祖孙 0 2 6 8
夫妻 0 2 4 6
unknown 15 16 21 23
合作 14 15 17 18
父母 0 3 14 16
祖孙 0 1 8 9
情侣 0 2 4 5
夫妻 0 1 5 6
unknown 0 2 15 17
unknown 4 5 10 12
unknown 3 4 14 16
兄弟姐妹 2 4 17 19
同人 0 2 6 7
上下级 9 11 19 20
父母 4 6 0 2
师生 0 1 26 28
unknown 11 13 27 29
兄弟姐妹 5 7 14 16
上下级 18 19 3 4
unknown 15 16 27 28
父母 0 2 18 20
亲戚 0 2 8 10
父母 12 14 18 19
父母 7 8 0 2
unknown 0 1 13 15
unknown 0 2 26 28
同门 10 12 14 15
父母 5 7 11 12
夫妻 6 8 22 24
unknown 16 17 23 25
夫妻 0 1 8 14
父母 0 2 6 8
合作 0 2 4 5
父母 19 21 2 3
夫妻 20 22 26 28
亲戚 15 16 6 8
unknown 6 7 17 19
夫妻 12 14 16 18
合作 19 21 23 24
同人 0 2 26 28
unknown 16 18 20 22
好友 8 10 26 28
亲戚 19 21 0 1
夫妻 4 5 13 14
父母 13 14 22 23
unknown 13 14 0 1
父母 0 2 6 8
同学 19 21 23 25
兄弟姐妹 0 1 26 27
夫妻 5 6 8 11
父母 18 20 0 1
合作 3 5 19 21
父母 8 10 14 16
亲戚 6 8 20 25
父母 3 6 16 18
上下级 2 3 8 10
师生 5 7 0 1
夫妻 0 2 15 17
师生 17 18 5 7
unknown 25 27 14 15
同人 0 2 5 7
unknown 24 25 8 10
同学 7 9 11 13
合作 6 8 2 4
父母 14 16 0 1
祖孙 9 11 17 19
师生 0 2 18 20
合作 8 10 12 14
上下级 0 2 21 23
情侣 12 13 8 10
父母 4 5 9 11
师生 6 8 12 14
好友 12 14 16 18
父母 15 16 20 21
兄弟姐妹 0 2 12 14
unknown 3 4 11 12
父母 0 1 10 12
unknown 12 14 24 26
unknown 6 7 20 22
合作 6 8 12 14
师生 4 6 9 11
父母 0 2 7 9
父母 5 7 10 12
好友 11 13 17 18
父母 13 16 26 29
unknown 4 6 8 10
祖孙 11 13 0 2
同门 18 20 22 24
unknown 8 10 21 23
unknown 12 14 18 20
夫妻 0 2 4 8
夫妻 8 10 14 16
合作 19 21 27 28
夫妻 0 1 5 6
父母 0 6 10 12
好友 6 8 11 13
夫妻 7 10 21 23
好友 2 3 10 11
情侣 0 1 3 4
合作 10 12 16 18
同人 0 3 7 10
师生 5 7 13 14
unknown 0 1 3 4
父母 7 8 16 17
unknown 24 25 17 18
合作 8 9 11 13
好友 0 2 9 11
好友 0 3 10 16
unknown 12 14 19 21
同门 6 7 17 19
父母 2 3 21 23
兄弟姐妹 11 12 16 17
unknown 26 28 0 2
夫妻 0 2 6 8
unknown 0 2 14 15
unknown 19 21 3 5
同学 19 20 21 22
unknown 6 7 0 2
上下级 2 4 7 9
情侣 7 9 12 14
夫妻 0 2 15 16
亲戚 0 2 18 20
祖孙 0 1 21 23
unknown 0 2 9 11
父母 9 10 13 15
夫妻 12 13 17 18
unknown 4 5 18 20
上下级 0 1 4 6
兄弟姐妹 23 25 27 29
父母 0 2 12 14
unknown 0 1 17 18
合作 5 7 21 23
unknown 0 2 20 22
父母 0 2 5 6
合作 6 8 10 12
unknown 0 1 27 28
同人 0 2 21 23
unknown 28 29 8 10
夫妻 3 5 27 29
上下级 6 8 10 12
师生 3 5 15 17
师生 0 1 11 13
合作 4 6 0 2
合作 6 8 18 20
同门 11 13 7 9
unknown 25 27 5 11
同门 14 16 26 28
父母 0 2 4 6
合作 0 2 4 5
同门 6 8 10 12
父母 0 3 16 19
unknown 11 13 21 23
情侣 10 11 6 8
unknown 12 13 15 16
unknown 0 1 3 4
unknown 6 7 15 16
unknown 9 10 22 23
兄弟姐妹 9 11 19 21
unknown 15 16 25 26
父母 4 6 23 25
兄弟姐妹 9 10 15 16
父母 14 16 0 2
unknown 1 2 4 6
合作 0 2 19 20
上下级 11 13 23 29
夫妻 4 5 9 11
夫妻 2 3 5 7
合作 25 26 20 23
夫妻 6 8 10 12
夫妻 1 3 9 10
夫妻 0 2 4 6
父母 0 2 15 17
亲戚 2 4 20 22
父母 14 16 0 2
父母 9 11 16 18
夫妻 10 13 15 16
父母 1 2 14 15
兄弟姐妹 6 8 10 12
unknown 0 2 12 14
unknown 4 5 7 8
同人 26 27 17 19
好友 13 14 20 22
师生 2 4 20 21
兄弟姐妹 0 2 7 9
合作 0 2 5 7
师生 2 4 23 25
祖孙 0 1 10 11
unknown 0 2 9 11
亲戚 1 3 5 9
unknown 13 14 0 2
兄弟姐妹 19 20 24 25
同人 0 2 6 7
合作 7 9 11 13
父母 13 14 21 27
同门 8 9 15 16
师生 17 18 20 22
兄弟姐妹 10 11 13 14
亲戚 0 2 6 8
父母 2 3 6 8
父母 0 2 4 6
合作 6 8 2 4
合作 3 5 7 9
亲戚 19 21 15 17
夫妻 14 16 20 22
好友 0 2 18 19
师生 0 2 13 15
祖孙 0 1 4 6
上下级 6 7 9 10
夫妻 0 2 6 7
情侣 1 2 22 28
师生 6 8 13 15
师生 0 3 26 28
合作 6 8 15 17
兄弟姐妹 19 21 27 29
夫妻 4 6 11 13
unknown 5 6 8 10
亲戚 2 4 6 8
同人 0 2 21 23
父母 0 1 5 6
父母 0 2 13 14
父母 5 6 20 21
夫妻 5 6 8 9
师生 12 14 18 19
父母 0 2 6 8
unknown 0 1 24 25
合作 9 10 15 17
同门 6 8 14 15
父母 0 2 15 17
合作 13 15 18 21
师生 6 8 26 27
师生 0 2 17 19
兄弟姐妹 7 8 17 18
亲戚 15 16 6 8
同学 5 7 28 29
unknown 0 1 3 4
兄弟姐妹 12 13 15 16
夫妻 12 14 16 17
兄弟姐妹 17 19 23 25
unknown 9 10 20 22
夫妻 0 2 25 26
合作 6 8 2 4
unknown 4 6 10 12
unknown 7 8 14 15
同人 16 18 22 24
同人 14 15 0 2
unknown 1 2 13 15
unknown 12 13 22 24
unknown 0 2 7 11
师生 0 2 17 19
好友 8 9 2 3
父母 21 23 5 6
unknown 4 6 8 9
情侣 8 10 14 15
兄弟姐妹 0 1 10 11
夫妻 0 2 5 7
夫妻 6 7 11 13
合作 12 14 16 18
unknown 10 12 24 26
父母 0 2 12 14
情侣 8 9 13 14
兄弟姐妹 9 10 14 15
祖孙 0 1 8 10
父母 0 2 6 8
合作 15 17 9 11
unknown 5 7 21 23
同人 0 3 6 8
兄弟姐妹 3 4 16 17
unknown 9 11 23 25
亲戚 5 7 13 15
情侣 11 14 16 18
同学 12 14 16 17
亲戚 4 5 18 19
父母 0 1 8 9
unknown 4 6 27 29
unknown 18 19 28 29
父母 3 5 20 22
父母 0 2 7 9
祖孙 0 2 10 11
unknown 0 1 24 27
父母 3 5 14 16
亲戚 11 12 18 19
父母 7 9 14 16
亲戚 4 6 14 16
师生 0 2 20 22
情侣 5 7 13 15
上下级 0 2 4 6
同人 0 1 17 19
兄弟姐妹 3 4 8 9
unknown 3 4 16 18
unknown 12 13 24 26
unknown 0 1 23 24
祖孙 0 1 8 10
unknown 4 6 27 29
祖孙 22 24 28 29
夫妻 0 2 6 8
夫妻 5 7 23 25
父母 26 27 2 4
unknown 17 19 10 11
父母 0 2 8 10
unknown 8 9 15 17
unknown 6 8 17 19
同门 10 12 14 16
父母 0 2 15 16
同学 3 5 11 13
合作 3 5 7 9
父母 6 8 12 14
师生 6 8 24 25
祖孙 0 2 6 8
unknown 27 28 0 1
父母 0 2 6 8
合作 5 7 18 27
unknown 7 8 15 17
父母 1 3 7 8
unknown 8 10 12 14
同人 0 2 5 7
亲戚 1 2 6 8
unknown 6 8 13 15
兄弟姐妹 16 20 22 27
同学 18 19 21 23
夫妻 1 3 15 17
unknown 10 11 24 26
父母 0 2 25 27
同门 0 2 4 5
夫妻 5 7 9 11
同门 4 5 7 8
上下级 0 1 19 21
同学 0 1 28 29
unknown 9 10 12 14
合作 8 10 19 22
亲戚 10 12 17 19
祖孙 14 16 26 28
unknown 4 6 17 19
亲戚 0 1 5 6
unknown 4 6 0 2
同人 0 2 16 18
unknown 12 13 21 22
父母 0 2 22 24
unknown 6 7 13 14
unknown 10 12 17 19
unknown 11 13 3 5
同学 0 1 11 13
unknown 2 3 7 9
父母 8 10 22 24
夫妻 18 19 21 22
unknown 0 2 13 15
unknown 7 8 2 3
兄弟姐妹 0 2 6 8
祖孙 11 13 0 2
unknown 0 1 3 4
unknown 13 15 17 19
合作 2 4 9 14
师生 19 21 13 15
夫妻 9 11 16 17
unknown 9 11 13 15
同人 0 1 14 16
上下级 0 2 4 6
unknown 12 14 20 22
同人 0 2 6 8
祖孙 0 4 15 18
夫妻 11 13 15 17
师生 6 8 17 19
夫妻 17 19 0 2
父母 0 2 6 7
亲戚 0 1 5 7
师生 21 23 0 2
unknown 0 3 17 19
unknown 7 9 20 22
unknown 3 5 14 16
父母 7 9 0 2
同门 18 20 26 28
亲戚 26 29 4 10
unknown 0 1 20 23
同学 7 8 10 12
夫妻 11 12 15 17
父母 0 1 11 13
夫妻 1 2 4 6
父母 0 5 8 13
夫妻 10 12 20 21
同学 14 16 25 27
同学 14 16 18 20
兄弟姐妹 15 17 23 25
好友 4 5 14 16
父母 16 18 22 24
unknown 6 8 23 25
合作 3 5 7 9
父母 0 2 15 17
夫妻 0 2 6 8
师生 0 2 10 11
unknown 3 4 6 7
合作 5 7 19 21
unknown 0 1 11 12
夫妻 0 1 16 18
好友 0 1 3 4
合作 15 16 20 21
同门 0 1 3 4
兄弟姐妹 3 5 10 12
合作 27 29 23 25
夫妻 10 12 23 25
父母 10 12 25 26
合作 19 21 10 12
unknown 3 5 7 9
好友 0 2 17 18
同人 0 2 6 8
unknown 0 3 12 14
师生 26 28 20 22
unknown 0 1 13 14
unknown 11 13 26 27
unknown 16 17 19 21
好友 13 15 17 18
父母 16 17 23 25
合作 6 7 3 5
父母 17 18 25 26
同人 0 2 18 19
好友 0 1 5 7
父母 8 11 26 27
合作 7 9 14 16
父母 0 2 9 11
夫妻 0 3 15 20
父母 11 13 17 19
夫妻 0 2 4 6
unknown 0 1 4 6
父母 0 1 3 4
父母 0 2 4 5
夫妻 5 9 22 28
同人 0 2 6 7
合作 6 8 2 4
夫妻 0 1 9 11
夫妻 0 2 4 6
同门 6 7 9 10
好友 2 4 14 15
情侣 4 6 15 16
unknown 7 9 21 23
合作 13 14 23 24
师生 14 16 5 7
unknown 12 14 16 18
师生 0 1 17 19
兄弟姐妹 3 5 9 11
父母 0 2 16 18
同人 14 15 0 2
unknown 2 3 15 17
合作 5 7 9 16
夫妻 0 2 6 8
上下级 0 1 7 9
同人 0 2 5 7
父母 9 10 21 23
同人 8 11 15 17
同人 0 1 26 27
合作 5 7 9 11
上下级 16 18 20 22
父母 15 16 22 23
同学 5 7 9 11
祖孙 7 9 12 14
夫妻 0 2 4 6
父母 0 2 6 8
同人 0 2 18 20
unknown 0 2 4 5
同人 0 1 4 6
好友 9 11 16 18
父母 18 19 27 29
上下级 6 8 14 16
师生 11 12 23 25
unknown 14 16 20 22
情侣 5 7 11 12
祖孙 18 21 25 29
unknown 13 15 26 27
unknown 10 12 1 2
亲戚 6 10 21 23
夫妻 0 2 4 5
师生 0 2 6 8
好友 25 28 21 23
师生 6 7 15 17
师生 0 2 18 20
好友 13 15 21 22
情侣 9 11 13 15
父母 9 11 14 16
unknown 6 8 14 17
父母 4 6 10 11
父母 2 5 16 18
好友 10 15 21 22
合作 11 13 15 16
同门 1 2 14 15
兄弟姐妹 0 2 6 8
同学 5 7 9 10
父母 8 14 0 2
unknown 13 15 25 27
父母 0 2 18 20
unknown 0 1 24 26
师生 4 6 11 13
夫妻 7 9 13 15
夫妻 23 24 0 2
unknown 2 4 20 22
兄弟姐妹 16 17 26 27
祖孙 0 1 7 9
父母 0 2 19 21
unknown 5 6 23 26
夫妻 12 14 0 2
好友 4 6 0 2
unknown 7 9 25 27
情侣 3 5 12 14
父母 0 2 11 12
兄弟姐妹 0 1 16 17
师生 0 2 4 6
上下级 8 10 2 4
父母 4 6 19 21
同人 0 2 6 8
同人 0 1 4 6
亲戚 7 9 25 27
unknown 10 12 14 16
合作 1 3 5 6
兄弟姐妹 5 6 23 24
夫妻 0 2 6 7
父母 9 11 13 15
合作 10 11 13 15
合作 15 17 19 21
夫妻 0 2 6 8
合作 4 6 8 9
夫妻 9 11 4 5
unknown 0 1 5 8
合作 10 12 14 15
祖孙 0 1 5 7
unknown 3 4 6 8
unknown 6 7 16 18
上下级 0 2 19 21
unknown 0 2 10 12
师生 7 8 13 15
unknown 22 23 0 2
师生 6 8 10 12
好友 10 12 25 27
同学 5 6 12 13
亲戚 4 5 25 26
情侣 0 2 5 7
合作 4 5 7 9
夫妻 17 18 22 24
好友 0 2 14 15
夫妻 12 13 8 10
unknown 0 1 14 15
父母 4 6 11 13
unknown 12 14 20 22
好友 2 4 6 8
师生 0 1 3 5
unknown 8 12 21 23
unknown 10 11 20 23
同门 0 1 3 4
夫妻 4 5 16 17
师生 0 2 18 20
夫妻 11 13 17 18
夫妻 0 2 4 6
师生 0 2 15 17
父母 0 6 14 15
上下级 7 9 13 15
同人 8 10 13 15
unknown 16 18 21 23
同人 9 11 13 16
unknown 5 7 9 11
父母 16 17 20 22
师生 6 8 11 13
父母 0 1 5 7
上下级 15 17 1 3
师生 0 2 18 21
unknown 11 13 0 2
祖孙 19 21 0 2
上下级 5 7 9 10
父母 0 2 6 8
unknown 0 2 27 29
父母 10 12 16 17
unknown 1 3 8 10
合作 7 11 13 17
unknown 25 27 21 23
夫妻 0 1 22 23
亲戚 5 7 9 11
unknown 5 7 9 10
父母 0 2 6 8
父母 0 2 13 15
unknown 4 6 10 12
同人 0 2 17 19
合作 22 24 26 27
父母 27 28 14 15
unknown 0 1 15 17
夫妻 6 8 12 14
unknown 11 12 26 27
好友 25 28 21 23
父母 0 1 22 24
兄弟姐妹 15 17 19 21
合作 9 10 21 23
unknown 8 10 19 21
祖孙 0 2 6 8
好友 6 8 19 21
合作 20 21 23 25
合作 0 2 19 21
情侣 6 8 0 1
兄弟姐妹 11 12 5 7
unknown 2 3 20 22
兄弟姐妹 2 4 6 8
unknown 6 8 15 19
亲戚 0 2 21 23
父母 0 2 17 18
情侣 11 14 1 4
unknown 0 3 26 28
父母 6 8 12 14
unknown 2 3 15 17
父母 0 2 10 12
上下级 8 10 2 4
unknown 0 1 28 29
情侣 5 7 9 11
unknown 0 2 26 27
父母 5 6 23 25
上下级 0 2 5 7
师生 11 13 23 25
父母 0 2 24 25
父母 0 2 23 24
师生 0 2 23 25
上下级 8 10 18 20
父母 0 1 16 17
合作 0 2 4 6
兄弟姐妹 0 1 5 6
unknown 18 20 27 29
合作 0 2 5 7
夫妻 10 12 19 21
unknown 0 2 19 20
师生 2 4 16 21
夫妻 0 1 9 11
父母 4 6 27 29
合作 21 23 18 20
师生 0 2 4 6
unknown 3 4 13 15
好友 0 2 13 14
父母 6 8 15 17
同门 9 10 14 16
夫妻 10 11 15 17
unknown 5 6 16 18
unknown 3 4 11 12
unknown 9 11 16 20
祖孙 0 2 13 15
父母 0 2 4 5
unknown 3 5 20 22
夫妻 0 1 6 8
合作 6 7 2 4
情侣 6 7 9 11
情侣 8 10 25 27
情侣 19 21 25 27
情侣 6 8 20 22
祖孙 2 4 6 8
师生 0 2 21 22
unknown 11 12 17 18
同人 11 12 0 1
同门 14 15 21 23
好友 7 8 10 11
父母 0 2 6 7
好友 9 11 16 17
祖孙 0 1 10 11
父母 0 2 4 5
同人 0 2 24 25
情侣 0 2 12 13
unknown 4 6 18 20
父母 8 11 28 29
父母 0 2 6 8
夫妻 0 1 3 6
兄弟姐妹 0 2 4 6
父母 5 7 10 12
unknown 6 7 18 19
同学 0 2 5 6
夫妻 19 20 23 25
父母 4 6 15 17
父母 0 2 10 12
unknown 0 1 11 12
夫妻 6 7 12 13
亲戚 5 6 25 27
unknown 8 10 3 5
父母 9 10 17 19
父母 4 6 10 12
unknown 13 15 10 12
同学 2 4 18 20
夫妻 13 15 19 21
师生 0 4 12 20
父母 17 19 22 24
合作 0 2 4 7
合作 19 21 22 24
夫妻 11 13 15 17
夫妻 0 2 10 12
夫妻 6 8 10 12
父母 0 2 6 8
合作 6 8 10 12
unknown 2 3 8 10
上下级 7 9 13 15
父母 0 2 12 14
合作 17 19 11 13
unknown 16 17 25 27
同学 23 25 6 8
unknown 9 11 26 28
情侣 3 5 13 15
情侣 0 3 18 25
同学 0 2 4 6
同门 14 15 7 9
unknown 21 22 21 22
亲戚 15 17 22 24
父母 0 2 7 9
同门 0 1 3 4
上下级 2 4 15 17
父母 4 5 9 10
unknown 0 2 10 12
兄弟姐妹 20 21 25 26
父母 15 17 27 28
unknown 10 12 25 27
亲戚 23 25 2 4
祖孙 0 3 7 9
亲戚 19 21 15 17
夫妻 0 1 5 7
祖孙 0 1 8 9
师生 5 6 15 17
兄弟姐妹 4 5 15 17
父母 5 6 8 10
上下级 0 2 9 11
好友 0 2 8 10
unknown 7 9 28 29
祖孙 0 2 8 10
好友 0 2 10 12
父母 21 23 27 29
同门 5 7 9 11
亲戚 0 2 8 10
父母 0 1 5 6
兄弟姐妹 0 2 8 9
夫妻 0 2 6 8
师生 11 13 26 28
父母 0 2 6 7
上下级 3 5 8 10
夫妻 10 12 16 17
父母 12 14 17 18
情侣 0 2 4 5
好友 0 2 23 25
合作 3 4 0 1
师生 7 9 13 15
父母 1 3 20 23
unknown 13 15 17 19
unknown 18 20 7 9
夫妻 6 8 15 17
情侣 10 11 0 1
父母 0 2 8 9
unknown 0 1 12 13
unknown 4 5 0 2
父母 2 3 23 24
unknown 24 26 8 10
夫妻 7 9 13 14
师生 18 20 4 6
同人 0 2 22 24
同门 0 2 4 5
unknown 6 8 0 2
祖孙 8 9 0 1
unknown 19 21 5 6
父母 0 2 6 7
亲戚 0 2 5 7
unknown 6 7 9 10
父母 7 9 13 15
情侣 8 10 12 17
好友 0 2 16 18
unknown 0 1 9 10
情侣 7 9 11 13
师生 16 20 9 12
unknown 5 6 12 14
祖孙 0 2 19 21
父母 10 17 20 27
同学 0 2 4 5
unknown 13 19 18 19
好友 1 3 23 24
夫妻 11 13 5 7
unknown 4 5 1 2
父母 17 19 26 27
合作 27 29 19 20
同学 10 12 21 23
unknown 3 5 11 12
情侣 0 2 4 5
unknown 7 9 11 13
好友 9 11 20 22
合作 11 13 15 17
情侣 3 5 13 18
父母 10 14 18 24
合作 6 7 2 4
夫妻 5 7 17 23
unknown 6 7 3 5
上下级 6 10 18 19
好友 0 2 14 15
unknown 3 5 28 29
兄弟姐妹 6 7 12 13
同人 0 2 17 18
夫妻 4 6 16 18
父母 0 2 13 14
父母 0 1 5 7
上下级 19 21 23 24
unknown 23 25 27 29
夫妻 0 2 6 8
师生 0 1 10 12
夫妻 11 13 15 17
同人 8 10 27 28
父母 0 1 10 11
unknown 24 25 0 1
夫妻 5 7 22 24
父母 0 1 20 22
同学 2 3 5 6
同门 3 4 6 8
情侣 0 2 4 5
父母 8 10 24 25
unknown 26 27 8 9
父母 18 20 7 9
父母 10 11 20 21
unknown 7 8 19 20
同门 0 2 4 6
unknown 0 2 10 12
父母 0 2 5 7
夫妻 9 15 2 5
情侣 6 7 10 12
同人 13 14 0 2
亲戚 6 8 19 21
unknown 0 1 3 5
unknown 0 2 27 28
上下级 3 5 8 10
unknown 20 22 20 22
祖孙 6 8 12 14
父母 7 9 3 5
unknown 0 1 12 14
师生 2 4 12 14
好友 4 6 0 2
unknown 0 2 15 17
父母 4 6 0 2
夫妻 0 2 14 16
unknown 1 3 15 16
unknown 6 8 16 18
父母 21 23 26 28
父母 0 3 7 10
父母 4 6 17 20
unknown 16 18 0 1
合作 13 15 27 29
情侣 9 11 18 22
父母 4 6 18 20
兄弟姐妹 5 6 8 9
unknown 18 20 26 28
好友 3 5 11 12
好友 9 11 13 14
unknown 9 10 0 1
同人 0 2 6 8
合作 0 2 11 12
兄弟姐妹 12 16 14 16
兄弟姐妹 0 3 18 20
父母 3 5 24 25
unknown 15 17 25 27
unknown 7 8 16 17
unknown 7 8 17 18
亲戚 0 1 10 11
夫妻 6 8 15 17
夫妻 0 1 3 5
同人 0 14 19 20
同人 0 1 9 10
同学 5 7 13 15
兄弟姐妹 0 1 10 11
同人 0 2 21 22
unknown 19 21 26 27
上下级 0 1 7 9
同人 0 2 6 7
上下级 3 5 8 10
好友 0 2 6 8
好友 4 9 12 13
父母 0 2 4 5
同门 4 5 7 8
父母 4 6 10 11
合作 21 23 0 1
夫妻 10 12 20 21
兄弟姐妹 15 17 21 23
同人 0 2 5 7
夫妻 6 7 24 25
夫妻 6 9 18 21
父母 0 2 8 14
夫妻 5 7 9 11
unknown 0 2 24 26
夫妻 17 19 0 2
同门 11 13 15 16
师生 4 5 16 18
合作 7 8 3 5
兄弟姐妹 5 7 18 20
unknown 4 6 8 10
兄弟姐妹 4 5 9 10
合作 18 20 22 24
unknown 10 11 4 5
好友 1 3 11 12
亲戚 9 11 14 16
祖孙 0 2 4 6
情侣 18 20 24 26
unknown 0 2 9 10
情侣 6 8 11 12
情侣 8 14 18 23
父母 3 5 9 11
父母 0 2 15 16
亲戚 0 2 7 8
合作 8 10 20 22
父母 4 5 15 17
unknown 3 4 6 7
unknown 26 28 7 9
同人 23 24 26 28
师生 7 9 23 25
师生 13 15 18 20
父母 0 2 4 5
同人 0 2 5 7
unknown 0 1 4 5
上下级 8 10 15 17
情侣 0 2 10 12
师生 0 2 13 14
上下级 7 9 17 19
unknown 11 13 25 28
兄弟姐妹 10 12 26 27
夫妻 9 10 6 7
夫妻 12 19 23 27
父母 4 6 16 18
unknown 13 14 24 25
父母 0 2 18 19
夫妻 0 2 16 18
师生 13 15 22 24
同学 21 23 17 18
同门 0 2 4 6
合作 6 8 14 16
unknown 8 10 17 19
兄弟姐妹 0 2 6 11
兄弟姐妹 0 2 23 25
师生 0 2 8 10
夫妻 0 2 4 6
同人 18 20 24 25
师生 0 2 6 7
情侣 5 6 10 11
亲戚 6 8 11 13
unknown 0 1 5 8
师生 4 8 18 19
夫妻 4 6 10 12
父母 11 13 17 19
同学 10 12 18 19
unknown 2 3 15 17
unknown 1 3 18 20
unknown 11 13 23 25
好友 0 2 9 10
父母 3 5 9 11
夫妻 3 5 7 9
情侣 11 13 0 2
夫妻 17 19 21 23
unknown 9 11 13 15
兄弟姐妹 0 1 16 17
unknown 0 1 13 15
合作 0 1 4 6
同人 6 8 12 14
父母 0 2 18 20
unknown 3 5 7 8
unknown 12 14 19 21
父母 0 1 22 24
同学 0 1 3 4
合作 6 8 2 4
好友 6 8 23 25
上下级 3 5 8 9
祖孙 28 29 5 7
夫妻 0 2 7 9
上下级 6 8 20 22
合作 2 3 5 6
同人 0 2 6 8
父母 1 3 16 20
好友 0 2 20 22
夫妻 3 6 10 12
好友 0 1 7 9
父母 0 2 9 11
师生 0 1 10 12
同学 6 8 25 27
上下级 17 18 5 7
祖孙 0 2 6 7
祖孙 6 7 13 14
夫妻 0 2 14 16
父母 0 2 27 29
上下级 4 5 12 13
父母 14 15 19 20
师生 0 1 24 25
好友 0 2 4 6
父母 4 6 15 17
祖孙 0 1 5 7
同门 14 16 26 28
同人 0 2 6 7
情侣 10 12 22 24
父母 0 1 6 8
兄弟姐妹 18 20 24 26
unknown 0 1 9 11
亲戚 0 2 14 16
夫妻 0 2 8 10
父母 5 7 12 14
合作 4 5 9 11
父母 18 20 0 2
上下级 0 2 18 20
unknown 12 14 18 20
unknown 0 1 12 14
同人 5 7 11 12
unknown 9 11 5 7
父母 15 16 21 22
父母 15 16 19 20
兄弟姐妹 0 2 20 21
父母 15 17 21 23
unknown 1 3 6 7
unknown 0 1 12 14
夫妻 3 4 25 27
上下级 6 8 14 16
好友 15 17 25 27
好友 4 5 14 15
兄弟姐妹 12 14 18 20
同人 0 2 6 8
情侣 7 10 21 27
父母 0 2 7 9
unknown 0 1 3 4
上下级 0 1 14 16
亲戚 0 3 10 15
unknown 18 20 24 26
夫妻 0 2 9 11
亲戚 0 2 4 6
情侣 8 11 17 19
unknown 4 6 11 12
合作 9 10 2 3
合作 6 8 10 12
unknown 2 4 10 11
unknown 4 5 8 9
兄弟姐妹 8 10 4 6
合作 6 8 11 13
兄弟姐妹 0 1 3 4
师生 0 2 13 15
unknown 0 1 10 12
兄弟姐妹 0 1 6 7
父母 4 6 10 12
师生 16 18 20 21
父母 0 2 6 7
unknown 2 3 10 13
父母 0 1 6 7
unknown 7 9 8 9
祖孙 12 13 4 6
父母 11 13 7 9
合作 16 17 27 28
unknown 16 19 25 28
unknown 4 6 27 29
unknown 1 2 9 11
夫妻 0 2 23 25
合作 6 8 14 15
夫妻 0 2 6 8
同学 4 5 7 9
亲戚 0 1 3 4
父母 8 10 19 20
unknown 2 4 6 8
父母 0 2 22 24
unknown 6 8 27 28
好友 17 19 24 26
同门 8 10 4 6
夫妻 8 10 20 22
unknown 6 8 14 15
父母 0 2 15 17
同学 0 2 21 23
同人 0 3 1 3
unknown 0 2 21 23
同人 0 2 22 24
合作 10 12 14 16
夫妻 15 17 21 23
unknown 3 4 18 20
夫妻 12 14 16 17
祖孙 3 5 24 25
合作 28 29 25 26
unknown 4 6 23 25
好友 15 17 21 23
父母 8 10 15 17
兄弟姐妹 0 2 4 6
夫妻 0 1 5 6
兄弟姐妹 0 2 24 26
合作 9 11 13 14
父母 6 8 17 18
上下级 8 10 12 14
夫妻 7 8 21 23
unknown 2 3 7 8
unknown 0 1 28 29
unknown 15 17 13 14
好友 4 6 0 2
unknown 0 1 12 14
unknown 0 2 5 7
父母 0 1 14 16
同门 0 3 5 7
同门 0 2 4 6
同学 2 4 14 16
好友 13 14 16 18
上下级 0 2 9 11
unknown 6 8 11 13
unknown 0 1 20 22
夫妻 5 7 9 11
unknown 6 8 10 12
夫妻 0 2 6 8
同学 28 29 0 1
父母 4 6 23 25
祖孙 14 16 9 10
父母 6 8 0 2
师生 4 6 18 19
父母 7 9 20 22
上下级 21 23 27 29
父母 0 2 5 7
兄弟姐妹 21 23 27 29
父母 0 2 6 7
父母 0 2 11 13
祖孙 0 1 20 22
同学 8 9 0 2
unknown 23 24 16 18
合作 2 4 18 20
师生 0 2 10 12
情侣 3 4 14 16
unknown 5 6 12 14
师生 5 7 14 16
unknown 12 14 23 25
unknown 6 7 9 10
情侣 5 7 10 12
好友 23 25 27 29
同人 0 2 6 8
unknown 4 5 7 9
情侣 1 2 10 12
合作 3 4 11 13
父母 16 18 27 29
unknown 0 1 7 9
同门 9 11 13 15
夫妻 0 3 12 13
亲戚 12 14 16 18
同人 0 2 17 19
兄弟姐妹 0 2 4 6
合作 0 2 7 9
父母 0 2 27 29
好友 16 18 24 26
unknown 6 10 17 19
好友 4 6 0 2
兄弟姐妹 0 2 13 15
夫妻 5 7 22 24
夫妻 0 3 5 8
好友 0 1 13 14
兄弟姐妹 0 2 8 10
夫妻 6 8 10 12
祖孙 5 6 12 13
父母 0 2 5 6
合作 0 2 12 14
好友 0 2 6 8
父母 16 17 21 22
同人 0 2 23 25
unknown 10 11 7 8
unknown 0 2 17 18
夫妻 6 8 10 12
师生 0 1 5 7
夫妻 6 8 14 15
父母 9 10 0 2
夫妻 0 2 6 8
好友 8 10 17 19
夫妻 0 1 10 12
师生 8 9 3 5
师生 7 9 14 16
unknown 12 14 20 22
夫妻 15 17 25 27
夫妻 10 13 17 18
师生 9 10 15 17
情侣 14 17 19 20
unknown 0 1 12 13
情侣 6 8 0 1
父母 0 2 6 8
父母 3 4 8 12
unknown 0 1 14 16
unknown 1 2 19 21
兄弟姐妹 0 2 7 9
unknown 12 14 16 18
夫妻 8 10 14 15
父母 6 8 21 23
师生 4 6 14 16
父母 4 5 9 11
情侣 6 11 16 18
同学 1 2 4 6
父母 8 11 0 2
unknown 4 6 11 13
夫妻 14 16 18 20
亲戚 0 2 7 9
亲戚 0 2 19 21
亲戚 0 2 6 8
父母 6 8 12 13
亲戚 6 8 14 16
夫妻 1 2 4 6
同人 0 2 6 8
unknown 0 1 12 15
unknown 0 3 12 14
兄弟姐妹 3 5 7 8
父母 4 6 10 11
unknown 14 16 19 20
兄弟姐妹 4 6 0 2
夫妻 8 10 12 14
兄弟姐妹 0 2 11 12
夫妻 14 15 18 19
同门 1 2 9 11
unknown 5 6 11 13
师生 0 2 15 16
父母 6 7 0 2
好友 0 2 4 6
上下级 0 2 14 16
兄弟姐妹 0 1 13 14
unknown 0 1 15 17
亲戚 0 2 18 20
兄弟姐妹 9 11 21 23
师生 12 14 8 10
合作 13 15 7 8
夫妻 3 5 19 20
unknown 15 17 21 23
同门 2 4 10 12
情侣 20 22 24 26
父母 0 5 9 19
好友 0 2 4 6
上下级 0 8 26 28
同人 0 2 24 25
夫妻 0 2 10 12
同门 14 15 17 19
兄弟姐妹 0 1 3 4
情侣 7 9 26 28
unknown 6 8 27 29
师生 0 2 11 13
父母 0 1 11 12
兄弟姐妹 21 22 26 27
兄弟姐妹 10 12 14 15
祖孙 19 21 0 2
师生 2 4 8 9
上下级 0 2 25 27
同门 12 14 23 25
兄弟姐妹 2 3 11 12
unknown 22 24 26 28
好友 16 18 28 29
好友 7 8 0 1
兄弟姐妹 0 2 9 11
情侣 18 20 9 11
父母 4 6 15 17
unknown 6 8 13 15
同学 6 8 11 13
合作 16 20 22 26
情侣 8 9 22 23
同人 2 4 12 14
上下级 4 10 24 27
父母 4 5 18 19
夫妻 25 27 22 24
兄弟姐妹 1 3 7 9
兄弟姐妹 0 2 15 17
父母 2 3 7 8
夫妻 3 5 15 17
父母 6 7 10 13
父母 9 11 17 19
同人 21 22 24 25
上下级 6 9 17 18
unknown 11 12 26 28
父母 4 5 0 1
合作 13 15 23 26
合作 0 3 5 6
合作 7 8 3 5
情侣 0 1 9 11
亲戚 22 24 0 2
亲戚 0 2 4 6
父母 12 14 23 25
祖孙 2 3 7 9
祖孙 0 5 0 3
同人 0 2 26 28
祖孙 0 1 3 4
夫妻 8 10 12 14
父母 0 2 11 13
夫妻 4 5 7 9
夫妻 4 6 12 14
兄弟姐妹 9 14 18 24
unknown 8 9 4 6
兄弟姐妹 4 6 0 2
unknown 16 17 26 27
夫妻 20 22 14 16
父母 1 2 8 9
unknown 5 7 8 10
兄弟姐妹 0 2 18 19
亲戚 0 2 22 24
父母 14 16 18 20
合作 12 13 15 16
师生 0 2 8 10
师生 0 2 19 21
情侣 0 1 15 17
unknown 0 2 15 17
师生 0 2 7 8
父母 2 5 10 12
亲戚 11 13 18 19
好友 0 2 9 11
祖孙 0 2 8 10
兄弟姐妹 8 11 15 18
祖孙 0 1 15 16
夫妻 7 8 10 13
父母 0 4 19 20
好友 0 2 4 6
祖孙 12 13 22 24
父母 3 5 18 20
合作 9 13 15 18
同人 0 3 7 9
unknown 12 14 4 6